frame,NOSE.X,NOSE.Y,NOSE.Z,LEFT_EYE_INNER.X,LEFT_EYE_INNER.Y,LEFT_EYE_INNER.Z,LEFT_EYE.X,LEFT_EYE.Y,LEFT_EYE.Z,LEFT_EYE_OUTER.X,LEFT_EYE_OUTER.Y,LEFT_EYE_OUTER.Z,RIGHT_EYE_INNER.X,RIGHT_EYE_INNER.Y,RIGHT_EYE_INNER.Z,RIGHT_EYE.X,RIGHT_EYE.Y,RIGHT_EYE.Z,RIGHT_EYE_OUTER.X,RIGHT_EYE_OUTER.Y,RIGHT_EYE_OUTER.Z,LEFT_EAR.X,LEFT_EAR.Y,LEFT_EAR.Z,RIGHT_EAR.X,RIGHT_EAR.Y,RIGHT_EAR.Z,MOUTH_LEFT.X,MOUTH_LEFT.Y,MOUTH_LEFT.Z,MOUTH_RIGHT.X,MOUTH_RIGHT.Y,MOUTH_RIGHT.Z,LEFT_SHOULDER.X,LEFT_SHOULDER.Y,LEFT_SHOULDER.Z,RIGHT_SHOULDER.X,RIGHT_SHOULDER.Y,RIGHT_SHOULDER.Z,LEFT_ELBOW.X,LEFT_ELBOW.Y,LEFT_ELBOW.Z,RIGHT_ELBOW.X,RIGHT_ELBOW.Y,RIGHT_ELBOW.Z,LEFT_WRIST.X,LEFT_WRIST.Y,LEFT_WRIST.Z,RIGHT_WRIST.X,RIGHT_WRIST.Y,RIGHT_WRIST.Z,LEFT_PINKY.X,LEFT_PINKY.Y,LEFT_PINKY.Z,RIGHT_PINKY.X,RIGHT_PINKY.Y,RIGHT_PINKY.Z,LEFT_INDEX.X,LEFT_INDEX.Y,LEFT_INDEX.Z,RIGHT_INDEX.X,RIGHT_INDEX.Y,RIGHT_INDEX.Z,LEFT_THUMB.X,LEFT_THUMB.Y,LEFT_THUMB.Z,RIGHT_THUMB.X,RIGHT_THUMB.Y,RIGHT_THUMB.Z,LEFT_HIP.X,LEFT_HIP.Y,LEFT_HIP.Z,RIGHT_HIP.X,RIGHT_HIP.Y,RIGHT_HIP.Z,LEFT_KNEE.X,LEFT_KNEE.Y,LEFT_KNEE.Z,RIGHT_KNEE.X,RIGHT_KNEE.Y,RIGHT_KNEE.Z,LEFT_ANKLE.X,LEFT_ANKLE.Y,LEFT_ANKLE.Z,RIGHT_ANKLE.X,RIGHT_ANKLE.Y,RIGHT_ANKLE.Z,LEFT_HEEL.X,LEFT_HEEL.Y,LEFT_HEEL.Z,RIGHT_HEEL.X,RIGHT_HEEL.Y,RIGHT_HEEL.Z,LEFT_FOOT_INDEX.X,LEFT_FOOT_INDEX.Y,LEFT_FOOT_INDEX.Z,RIGHT_FOOT_INDEX.X,RIGHT_FOOT_INDEX.Y,RIGHT_FOOT_INDEX.Z
613,0.4722791314125061,0.3195584714412689,-0.1521778553724289,0.4693638384342193,0.3064050078392029,-0.1335657984018325,0.4701172709465027,0.30636066198349,-0.1335170865058899,0.4710091948509216,0.3062209486961365,-0.1335637271404266,0.4639691412448883,0.3057813048362732,-0.1590678989887237,0.4609513878822326,0.3051601052284241,-0.1590020954608917,0.4579125046730041,0.3046035170555115,-0.1590583473443985,0.4623033404350281,0.3084215819835663,-0.0176378153264522,0.4440624117851257,0.3069646954536438,-0.1319264024496078,0.4691513478755951,0.3316216170787811,-0.1054768413305282,0.4629488885402679,0.3307624161243438,-0.1387832462787628,0.4748923778533935,0.3839237093925476,0.0893654078245163,0.3991159498691559,0.3797686398029327,-0.1103719845414161,0.4872318804264068,0.4738845229148865,0.0646196603775024,0.3824170529842376,0.4796798825263977,-0.1671859472990036,0.4842773079872131,0.4791725575923919,-0.21783547103405,0.43300661444664,0.491986334323883,-0.3011683821678161,0.4848054945468902,0.4852550327777862,-0.2730968296527862,0.4472535252571106,0.5009898543357849,-0.3476898670196533,0.4830244183540344,0.4700464606285095,-0.2982535362243652,0.450107991695404,0.4853260815143585,-0.3511763215065002,0.4806373119354248,0.4655874967575073,-0.2371917515993118,0.4454384744167328,0.4809794425964355,-0.3018267750740051,0.4655469059944153,0.5688537359237671,0.0526378974318504,0.4177865386009216,0.5742736458778381,-0.0523555763065815,0.4964133203029632,0.7072388529777527,0.0246538706123828,0.4329744279384613,0.7120870351791382,-0.0324650071561336,0.5167157649993896,0.8421269655227661,0.1186753883957862,0.4275993406772613,0.8308483958244324,0.1787803471088409,0.5099257826805115,0.8662670254707336,0.1205010786652565,0.4255039095878601,0.8453080654144287,0.1924482583999633,0.5522009134292603,0.8755564093589783,-5.9382407926023006e-05,0.4413816034793854,0.8796375393867493,0.075220763683319
614,0.4717712998390198,0.3258111774921417,-0.1358090341091156,0.4691209197044372,0.3113187551498413,-0.1164146438241005,0.4694626927375793,0.3111210465431213,-0.1163679808378219,0.4700638353824615,0.3108032643795013,-0.1163645163178443,0.4648621678352356,0.3105711340904236,-0.1476799249649047,0.4620798230171203,0.3095768988132477,-0.1476143449544906,0.4592971205711365,0.3086726367473602,-0.1476757824420929,0.4622256755828857,0.3109896779060364,-0.0038707996718585,0.4450246691703796,0.3084915578365326,-0.1385567188262939,0.4679407477378845,0.337007462978363,-0.0898646637797355,0.4620913863182068,0.335701435804367,-0.1308747380971908,0.4625684320926666,0.3835819959640503,0.1076206117868423,0.3984459638595581,0.3790830373764038,-0.1424174308776855,0.4676089882850647,0.4736714363098144,0.1102324500679969,0.3812257647514343,0.4807389378547668,-0.2199327945709228,0.4840613305568695,0.4785872995853424,-0.1462217420339584,0.4358248114585876,0.4919102787971496,-0.3239562213420868,0.4865622520446777,0.4857867062091827,-0.1918032169342041,0.4518232345581054,0.5008947849273682,-0.3700535595417022,0.4867602884769439,0.4704746305942535,-0.2267225980758667,0.4557094573974609,0.4851730167865753,-0.3696475923061371,0.4830247461795807,0.4657092094421386,-0.1689574420452118,0.4502049386501312,0.4807721376419067,-0.3225103616714477,0.4618905186653137,0.5694437623023987,0.0664995983242988,0.4176737666130066,0.5745128393173218,-0.066263273358345,0.4950129389762878,0.7102327346801758,0.0294679962098598,0.4332032799720764,0.7130112051963806,-0.0216501597315073,0.5162030458450317,0.8454216122627258,0.1179418414831161,0.4277729392051697,0.82863450050354,0.2332222163677215,0.5097908973693848,0.8706626892089844,0.118387795984745,0.425600528717041,0.8423820734024048,0.2523903250694275,0.5522621273994446,0.8763954043388367,-0.0007791389361955,0.4413507580757141,0.8790909051895142,0.1486309915781021
615,0.4694714546203613,0.3288096785545349,-0.1057586446404457,0.4674964845180511,0.3141301274299621,-0.0874581784009933,0.4675301909446716,0.3141122460365295,-0.08745027333498,0.4680394232273102,0.3139446377754211,-0.0874397605657577,0.4645729064941406,0.3125286400318146,-0.1216039508581161,0.4622691571712494,0.3109714388847351,-0.1215505748987197,0.4599961638450622,0.3095472157001495,-0.1215988770127296,0.4613909721374511,0.3131290376186371,0.0124936122447252,0.4464055597782135,0.3079434335231781,-0.1387357115745544,0.467730700969696,0.3401062786579132,-0.0641810521483421,0.4599320888519287,0.3374326825141907,-0.1086348667740821,0.4504745006561279,0.3833503723144531,0.1208753958344459,0.3995852172374725,0.3764074146747589,-0.1571356952190399,0.4458197653293609,0.4719916582107544,0.1498040854930877,0.3828283846378326,0.4814859330654144,-0.2398078441619873,0.4774731993675232,0.477544754743576,-0.0430976524949073,0.4466354846954345,0.4911254048347473,-0.294490247964859,0.482776403427124,0.4854362607002258,-0.0777710750699043,0.4646256566047668,0.4998072385787964,-0.3312626481056213,0.4841221272945404,0.4701215028762817,-0.1124117970466613,0.4659034609794616,0.4837588965892792,-0.3286671638488769,0.4807240962982178,0.465088278055191,-0.0645179077982902,0.4589640498161316,0.4792555570602417,-0.2901822626590729,0.458355575799942,0.5701456069946289,0.0708948671817779,0.4187868535518646,0.5754829049110413,-0.0705513805150985,0.493173211812973,0.7086389064788818,0.0287615917623043,0.4318446218967438,0.7126876711845398,0.0106149325147271,0.5159410834312439,0.8459849953651428,0.0951914936304092,0.4295795559883117,0.8273813724517822,0.2375554591417312,0.5100285410881042,0.8715277910232544,0.0926238596439361,0.4282818436622619,0.8418141007423401,0.2535414695739746,0.5519846677780151,0.8761852383613586,-0.0234655812382698,0.4442067146301269,0.8760952353477478,0.1464989781379699
616,0.4726640582084656,0.3261706233024597,-0.1096176132559776,0.4699617922306061,0.3115471601486206,-0.0927775800228118,0.4690771102905273,0.3114267885684967,-0.0928245037794113,0.4685298502445221,0.3111677169799804,-0.092820331454277,0.468818187713623,0.3102793097496032,-0.1278831660747528,0.4668764472007751,0.308829665184021,-0.1277941912412643,0.4649600386619568,0.3075069487094879,-0.1278187185525894,0.4594260156154632,0.3109758198261261,0.0014374485472217,0.450523316860199,0.3066585659980774,-0.1485456675291061,0.466302216053009,0.3375060260295868,-0.0698547810316085,0.4627722799777984,0.3352113664150238,-0.1145526319742202,0.4458407461643219,0.3812442421913147,0.1225899904966354,0.4064486920833587,0.3730660080909729,-0.178905040025711,0.4394566416740417,0.4718097448348999,0.19219371676445,0.3927299976348877,0.4804503321647644,-0.2343508750200271,0.4706413149833679,0.4906076192855835,0.0361904390156269,0.4605324864387512,0.490022599697113,-0.2356726378202438,0.4810117185115814,0.5014159679412842,0.0093917828053236,0.4794987142086029,0.4976589381694793,-0.2660053074359894,0.4814428389072418,0.4882417321205139,-0.0283752270042896,0.4802577495574951,0.482853353023529,-0.2651024460792541,0.4783095717430115,0.4820909202098846,0.0143216345459222,0.4727633595466614,0.4792552292346954,-0.2312271296977996,0.456265926361084,0.5705659985542297,0.075665608048439,0.4226297438144684,0.5775938630104065,-0.075290597975254,0.4919190406799316,0.7075119614601135,0.0302159823477268,0.4383943080902099,0.712912380695343,0.0198854003101587,0.5164731740951538,0.8459163904190063,0.095416210591793,0.4325479567050934,0.8244907855987549,0.2719102203845978,0.5100299119949341,0.871988832950592,0.0936507731676101,0.430116593837738,0.8395577073097229,0.2929133772850036,0.5541825890541077,0.8777090907096863,-0.0122641203925013,0.4459478259086609,0.8721498250961304,0.2135779112577438
617,0.4739933609962463,0.3298618495464325,-0.10873494297266,0.4718301892280578,0.3141717612743377,-0.0939734205603599,0.4705771505832672,0.3136858642101288,-0.0940352603793144,0.4694805741310119,0.3130722939968109,-0.094031885266304,0.471327006816864,0.3133306801319122,-0.1310347020626068,0.4694448411464691,0.3117069900035858,-0.1309065669775009,0.4675749838352203,0.3102155029773712,-0.1309265196323394,0.4571910798549652,0.3104831278324127,-0.0071445712819695,0.4532404839992523,0.3064428865909576,-0.169157475233078,0.4649068713188171,0.3391669690608978,-0.0712687596678733,0.4636595249176025,0.3370911180973053,-0.1188326254487037,0.4413229525089264,0.3754312098026275,0.1229778975248336,0.4083431661128998,0.3694228827953338,-0.2158247977495193,0.4349222779273987,0.4675788581371307,0.18314129114151,0.3967848718166351,0.4798112511634826,-0.2270464152097702,0.4676434397697449,0.4898674786090851,0.0083368606865406,0.4632218480110168,0.4853719770908355,-0.1346156746149063,0.4747969210147857,0.4998954236507416,-0.0179025568068027,0.4819616377353668,0.4926942586898803,-0.1539150327444076,0.480571985244751,0.4872094690799713,-0.0568050369620323,0.4830350279808044,0.4761460125446319,-0.151685744524002,0.4764507710933685,0.4819899797439575,-0.0147149357944726,0.4757179617881775,0.4717505276203155,-0.1270359605550766,0.451052725315094,0.5644957423210144,0.088350124657154,0.421915590763092,0.572948157787323,-0.0879943594336509,0.4879046380519867,0.7006871700286865,0.0721552819013595,0.4385543465614319,0.7126840949058533,-0.0111962407827377,0.5056678056716919,0.8358590006828308,0.1674456149339676,0.4317403435707092,0.8318260908126831,0.2019445598125457,0.4982514381408691,0.8604443669319153,0.1695888340473175,0.4271793961524963,0.8493006825447083,0.2187874615192413,0.544111430644989,0.8727174997329712,0.0870706737041473,0.4503259658813476,0.8796274065971375,0.1336146295070648
618,0.4762058854103088,0.3352735936641693,-0.0855454057455062,0.4751342236995697,0.3174761235713959,-0.0779475420713424,0.47320556640625,0.3165694773197174,-0.0780014991760253,0.4713502824306488,0.3155500292778015,-0.078004702925682,0.4764553904533386,0.3169763386249542,-0.1169302463531494,0.4751766622066498,0.3150814771652221,-0.1168345212936401,0.4739056229591369,0.3133329153060913,-0.1168535500764846,0.4579288363456726,0.3098622858524322,-0.014483536593616,0.4601330161094665,0.3059826195240021,-0.1900043040513992,0.4647042751312256,0.3423129320144653,-0.0573383383452892,0.4658215641975403,0.3402036428451538,-0.108065627515316,0.4316334724426269,0.3616786599159241,0.1085514649748802,0.4145824015140533,0.360516220331192,-0.2575806677341461,0.422084093093872,0.4636264145374298,0.1940745562314987,0.3988257944583893,0.4748292863368988,-0.2769844830036163,0.4596457481384277,0.4888158142566681,0.1205733567476272,0.4662686288356781,0.4853946566581726,-0.1310219019651413,0.4714549481868744,0.4948093593120575,0.1173885241150856,0.4846176505088806,0.4940959811210632,-0.1330704987049102,0.4792757034301758,0.4862648844718933,0.0868943184614181,0.4863202571868896,0.4748731255531311,-0.1285767555236816,0.473560482263565,0.4843800961971283,0.1043753996491432,0.4781780242919922,0.4707097113132477,-0.1199051514267921,0.4352331757545471,0.5562049746513367,0.1113296747207641,0.4192602634429931,0.5635531544685364,-0.1110398769378662,0.4715919494628906,0.6921453475952148,0.1420639455318451,0.441486120223999,0.703219473361969,-0.0445096455514431,0.4769437313079834,0.8140740990638733,0.2754504978656769,0.4313877522945404,0.8333179354667664,0.0413926988840103,0.4720991253852844,0.8365256190299988,0.2845239341259002,0.419473797082901,0.8560868501663208,0.049859769642353,0.5061191320419312,0.8532721996307373,0.2609971165657043,0.4690063893795013,0.8746170401573181,0.0184361226856708
619,0.4754796028137207,0.3352997004985809,-0.0441270433366298,0.4744259417057037,0.318005234003067,-0.0370408445596694,0.472144216299057,0.3170849978923797,-0.0370338819921016,0.4699646532535553,0.3160676956176758,-0.0370225086808204,0.476994901895523,0.3176845014095306,-0.0738302320241928,0.4763200879096985,0.3158548474311828,-0.0737407952547073,0.4756288528442383,0.3141584694385528,-0.0737721994519233,0.4562973380088806,0.3110862374305725,0.0092665869742631,0.4632590711116791,0.3081611692905426,-0.1495347321033477,0.4635422229766845,0.3423855602741241,-0.0210559479892253,0.4658932089805603,0.3403366208076477,-0.0678987056016922,0.4260904788970947,0.359525591135025,0.1075498685240745,0.4212513566017151,0.365259438753128,-0.224961906671524,0.4161033034324646,0.4523229300975799,0.1577190458774566,0.4021410942077636,0.4788054823875427,-0.2470635920763015,0.4531143307685852,0.4816085994243622,0.0612654089927673,0.4634729921817779,0.4898246526718139,-0.0955062583088874,0.4633993506431579,0.4898030161857605,0.0496290475130081,0.4795153737068176,0.4975219666957855,-0.0937661528587341,0.4683314859867096,0.4809127151966095,0.0256848074495792,0.481006920337677,0.4812506735324859,-0.0859807431697845,0.4642649590969085,0.4777372181415558,0.0467370450496673,0.4739312529563904,0.4764247536659241,-0.0836872085928917,0.4272142052650451,0.5574550628662109,0.1023648977279663,0.4168499112129211,0.5650936365127563,-0.102165974676609,0.4552670121192932,0.6938010454177856,0.1142173185944557,0.4305233359336853,0.7027092576026917,-0.0547908172011375,0.4656414091587066,0.80265212059021,0.2567726671695709,0.423304945230484,0.8270335793495178,0.0679061040282249,0.4362810552120209,0.8177036046981812,0.2673291563987732,0.4126307964324951,0.8467445373535156,0.0784768685698509,0.4847100675106048,0.8491893410682678,0.2365215718746185,0.4568871855735779,0.8713416457176208,0.0284777376800775
620,0.4715805947780609,0.3387623727321625,0.0015722829848527,0.4705345034599304,0.3221859633922577,0.0056676929816603,0.4678765833377838,0.321002334356308,0.0056625329889357,0.4652928709983825,0.3197586238384247,0.0056571019813418,0.4747065007686615,0.3227942883968353,-0.0300339553505182,0.4746609628200531,0.3213996589183807,-0.0299172196537256,0.4745844304561615,0.3201385736465454,-0.0299737602472305,0.4517081677913666,0.3153812289237976,0.0315691344439983,0.4637448787689209,0.3153745532035827,-0.1360522955656051,0.4595418870449066,0.3452247679233551,0.0164546649903059,0.4632498621940613,0.3442439436912536,-0.0284477826207876,0.4127221703529358,0.3603966534137726,0.115506388247013,0.4295640885829925,0.3705527484416961,-0.2159202843904495,0.410125732421875,0.4580463767051697,0.1503733992576599,0.4132411479949951,0.4856469333171844,-0.2177580296993255,0.449089914560318,0.4861952662467956,0.0770011767745018,0.4659504890441894,0.4987128674983978,-0.0423355922102928,0.4605746269226074,0.4924125373363495,0.0737821459770202,0.4797787666320801,0.5067304372787476,-0.0433267168700695,0.4666986465454101,0.4839977622032165,0.0517090782523155,0.4831945896148681,0.4910606145858764,-0.0348747409880161,0.4624969959259033,0.4821856319904327,0.0643966346979141,0.4764439165592193,0.4872504770755768,-0.0303326305001974,0.4129202365875244,0.5580087304115295,0.1065561398863792,0.4174664616584778,0.5683683156967163,-0.1062796339392662,0.4310463964939117,0.6945688128471375,0.1660901010036468,0.4326811730861664,0.7028862833976746,-0.0393175110220909,0.4067922234535217,0.8138741850852966,0.2925320267677307,0.4009834229946136,0.8249130845069885,0.0786695033311843,0.3918944299221039,0.8327814936637878,0.3022913336753845,0.3890385031700134,0.8436009883880615,0.0898962616920471,0.4398251473903656,0.8529272079467773,0.2815526127815246,0.4295034408569336,0.8678197860717773,0.0610172674059867
621,0.4685008525848388,0.3399457633495331,-0.0223939437419176,0.4671972393989563,0.3235380947589874,-0.0158847942948341,0.4646827578544616,0.3226747810840606,-0.0158778764307498,0.4622469544410705,0.3217489421367645,-0.0159101895987987,0.4711279273033142,0.3234314322471618,-0.0509592071175575,0.471076488494873,0.3218298554420471,-0.0508300140500068,0.4710158705711365,0.3203716874122619,-0.0509143248200416,0.4492190480232239,0.3180592954158783,0.0262914802879095,0.4602092206478119,0.3158450424671173,-0.1331772953271865,0.4571156501770019,0.3470964431762695,-0.0009074591798707,0.460613340139389,0.3453644514083862,-0.0455541275441646,0.410628080368042,0.3650711476802826,0.1273597329854965,0.4270977973937988,0.3728771805763244,-0.2095660418272018,0.4065825343132019,0.4572368562221527,0.2414726465940475,0.4109025597572326,0.4867434799671173,-0.2100022137165069,0.4474346041679382,0.4859663844108581,0.2552458643913269,0.4618484079837799,0.5064972639083862,-0.0498967692255973,0.4563102126121521,0.4917249083518982,0.2602212131023407,0.4739604592323303,0.5134353041648865,-0.0517317354679107,0.4621935784816742,0.4825886189937591,0.2364519387483596,0.4776340126991272,0.4987176060676574,-0.0435455366969108,0.4593373835086822,0.4803330302238464,0.2449595630168914,0.4717474579811096,0.4955664575099945,-0.038288801908493,0.4110960364341736,0.5657985210418701,0.1109036579728126,0.4176182746887207,0.5763850808143616,-0.1105458736419677,0.4107285439968109,0.6921464800834656,0.2161139547824859,0.4439933896064758,0.707957923412323,-0.0380331501364707,0.3864102959632873,0.8045772314071655,0.3634307384490967,0.4175879955291748,0.830143928527832,0.0819384977221489,0.3721953928470611,0.8228968381881714,0.3774821162223816,0.400903046131134,0.8460765480995178,0.0951898545026779,0.423382431268692,0.8457252383232117,0.3731747269630432,0.4490506052970886,0.8809292912483215,0.0771964713931083
622,0.4707848131656647,0.342398852109909,-0.0638684183359146,0.4709261059761047,0.3250082731246948,-0.054036159068346,0.4691403806209564,0.3244569897651672,-0.0540117807686328,0.4674318432807922,0.3238254189491272,-0.0540311336517334,0.4732995927333832,0.3239539265632629,-0.0882915258407592,0.4726287424564361,0.321977823972702,-0.0881963521242141,0.4719623923301697,0.3201539218425751,-0.088268369436264,0.4548041820526123,0.3202069997787475,0.0066230371594429,0.4595336318016052,0.3149235546588897,-0.1595814526081085,0.4594961702823639,0.3507879972457886,-0.0351326093077659,0.4609794616699219,0.3478974103927612,-0.078471228480339,0.4128464758396148,0.3677714467048645,0.124311551451683,0.4229390025138855,0.3735609352588653,-0.2244835197925567,0.4073796272277832,0.4661526083946228,0.2403628528118133,0.4101377129554748,0.4933670461177826,-0.2052066326141357,0.4496046900749206,0.4925332069396972,0.2672132849693298,0.4609159827232361,0.5061826109886169,-0.0332955457270145,0.4587690234184265,0.4972535073757171,0.2692407965660095,0.4724422097206116,0.5113996267318726,-0.0327320769429206,0.4641409814357757,0.4882256686687469,0.2485805302858352,0.4758288860321045,0.4957820773124695,-0.0304488334804773,0.4602200388908386,0.4869903326034546,0.2566980719566345,0.4700566232204437,0.4938330054283142,-0.023779135197401,0.4089351594448089,0.5733718276023865,0.1170137301087379,0.4157174229621887,0.5867887735366821,-0.1165379434823989,0.4122052192687988,0.6956160664558411,0.2295074164867401,0.4614457488059997,0.7101011276245117,-0.0574843697249889,0.3814248144626617,0.8043861389160156,0.384760171175003,0.423147588968277,0.8338800668716431,0.076749250292778,0.3627288043498993,0.8237296342849731,0.3998366594314575,0.4015482068061828,0.8502178192138672,0.0918360576033592,0.4242093563079834,0.8461078405380249,0.3978801667690277,0.4616092145442962,0.8861725926399231,0.0795884877443313
623,0.4744246900081634,0.3406445682048797,-0.0744439363479614,0.4741788506507873,0.3233858048915863,-0.0640628039836883,0.4726451337337494,0.3230133354663849,-0.0639959871768951,0.4711683392524719,0.3225435614585876,-0.0640230327844619,0.4755748212337494,0.3216186463832855,-0.0992357209324836,0.4745114743709564,0.3193787336349487,-0.0991360023617744,0.4734621047973633,0.3172977864742279,-0.0992151722311973,0.4583550989627838,0.318897545337677,0.0024841758422553,0.4596384167671203,0.3116301894187927,-0.1582084447145462,0.4632507264614105,0.3496547043323517,-0.0444417521357536,0.4639717042446136,0.3460942804813385,-0.0891933143138885,0.4162681996822357,0.3694747388362884,0.1234033703804016,0.4201081395149231,0.3683511018753052,-0.2202978432178497,0.4107353091239929,0.4686228632926941,0.2382236272096634,0.4037846624851227,0.4855179786682129,-0.2093519419431686,0.4538746774196625,0.496930718421936,0.2356305569410324,0.4616502821445465,0.498002141714096,-0.0739979743957519,0.4632148146629333,0.5026897192001343,0.2302397042512893,0.4748532176017761,0.5040542483329773,-0.075660839676857,0.4682142734527588,0.4933706223964691,0.209085151553154,0.478007972240448,0.4882545173168182,-0.0752360075712204,0.4642658233642578,0.4913680851459503,0.2236754894256591,0.4714848101139068,0.4853332340717315,-0.0660236701369285,0.4136696457862854,0.5695399641990662,0.114199973642826,0.4152801632881164,0.5785151124000549,-0.1136500611901283,0.4143115580081939,0.6967834830284119,0.2027887403964996,0.457981675863266,0.7048900127410889,-0.0832843407988548,0.3809906840324402,0.8046272993087769,0.3480181396007538,0.4322688579559326,0.8405478000640869,-0.0011874525807797,0.3610361814498901,0.8245951533317566,0.3600959181785583,0.4056708812713623,0.8620520234107971,0.0061233295127749,0.4229295253753662,0.8465427160263062,0.3469837009906769,0.4810943007469177,0.8874779939651489,-0.0294566098600626
624,0.4827505052089691,0.3355252146720886,-0.07682815939188,0.4798733294010162,0.3189551532268524,-0.069494217634201,0.4782001972198486,0.318581759929657,-0.0696098208427429,0.4765852987766266,0.3181265294551849,-0.0695848912000656,0.4815445840358734,0.3175026774406433,-0.1106437817215919,0.4805111289024353,0.3156269788742065,-0.1105418428778648,0.4795245230197906,0.3139014542102813,-0.1105936169624328,0.4623401165008545,0.3158399760723114,-0.0054862885735929,0.4647848606109619,0.3099508881568908,-0.171791210770607,0.4719590544700622,0.3448281586170196,-0.0467231273651123,0.4726754128932953,0.3420900702476501,-0.100752092897892,0.4306188523769378,0.3723584115505218,0.1181152686476707,0.4275822639465332,0.3704111874103546,-0.2207321226596832,0.4230290055274963,0.4714406728744507,0.2306619137525558,0.4079765379428863,0.4906491339206695,-0.2180512696504593,0.4627663493156433,0.5013676285743713,0.2162636518478393,0.4711821973323822,0.5005242824554443,-0.0733107253909111,0.470543771982193,0.5090011358261108,0.2143751382827758,0.4870917797088623,0.5046864748001099,-0.0764918252825737,0.475778192281723,0.4969930052757263,0.1898454129695892,0.4904670119285583,0.4882078468799591,-0.0708720833063125,0.4727948307991028,0.4942165613174438,0.2035931050777435,0.483541339635849,0.4857134521007538,-0.063010074198246,0.4200089871883392,0.5750675797462463,0.1151373386383056,0.4215823113918304,0.5815721750259399,-0.1145490854978561,0.415466159582138,0.6978045105934143,0.2642350494861603,0.459057867527008,0.7100335955619812,-0.0761256963014602,0.3877818584442138,0.808691680431366,0.4377546906471252,0.4521371722221374,0.8539758920669556,-0.0113492524251341,0.3706123232841491,0.8312754034996033,0.453169584274292,0.4338796138763428,0.8804570436477661,-0.0066687194630503,0.4285124838352203,0.8396191000938416,0.4536865353584289,0.4981310367584228,0.8905315399169922,-0.0463846176862716
625,0.4895850718021393,0.3311182558536529,-0.1254125088453292,0.4858203828334808,0.3151998817920685,-0.112914502620697,0.4844659268856048,0.3147388398647308,-0.1128427535295486,0.4831978678703308,0.3142004609107971,-0.1128550618886947,0.4865654408931732,0.314377099275589,-0.1468247473239898,0.4852967858314514,0.31296107172966,-0.1467027068138122,0.4840539395809173,0.3116971850395202,-0.1467934697866439,0.4697767198085785,0.3137550950050354,-0.0310168750584125,0.4692839682102203,0.3105230033397674,-0.1824278682470321,0.4802603721618652,0.3417457640171051,-0.0903260484337806,0.4802185893058777,0.3401193022727966,-0.1347421258687973,0.447766363620758,0.3782338500022888,0.1024152263998985,0.4328373968601227,0.3766347467899322,-0.2330848425626754,0.4473223686218261,0.479024201631546,0.1858954131603241,0.4154497981071472,0.4951479732990265,-0.2331042289733886,0.4792291224002838,0.5080869793891907,0.0859949141740799,0.4793012142181396,0.5002442002296448,-0.0910513773560524,0.4848874509334564,0.5167208313941956,0.0644677802920341,0.4971635937690735,0.504259467124939,-0.0888299867510795,0.4905735850334167,0.5036044120788574,0.0456633567810058,0.4997632503509521,0.4864229559898376,-0.0743994191288948,0.4871302545070648,0.4996933043003082,0.0730944201350212,0.4919163584709167,0.4835173785686493,-0.0787114948034286,0.4316308498382568,0.5779291391372681,0.1142043620347976,0.4267370700836181,0.5820428133010864,-0.1136237382888794,0.4176566004753113,0.702075719833374,0.2733190655708313,0.461914449930191,0.7104636430740356,-0.0810886919498443,0.3871039152145386,0.8134621977806091,0.4479009211063385,0.4724413454532623,0.8586977124214172,-0.0177029129117727,0.3704880475997925,0.8361427187919617,0.4621830880641937,0.4580706655979156,0.8873816132545471,-0.0145696979016065,0.4247263371944427,0.8431217670440674,0.4476101994514465,0.5193222165107727,0.8925560712814331,-0.0727879256010055
626,0.502397358417511,0.333373099565506,-0.1500850617885589,0.4979914128780365,0.3164195120334625,-0.1375762671232223,0.4969688951969147,0.3158047497272491,-0.1374209970235824,0.496054083108902,0.3151235282421112,-0.1374470293521881,0.4980948567390442,0.3165111839771271,-0.1693978309631347,0.496577501296997,0.3156446516513824,-0.1693410724401474,0.4951012134552002,0.3149389624595642,-0.1694813519716262,0.4838288724422455,0.3163462281227112,-0.0557914450764656,0.4807206988334656,0.3161666989326477,-0.1974058449268341,0.4950396120548248,0.3454413414001465,-0.1151952147483825,0.4936980307102203,0.3451914489269256,-0.1561046242713928,0.4643858969211578,0.3876354098320007,0.0818327218294143,0.4494751095771789,0.3910943865776062,-0.2349012345075607,0.4626575410366058,0.4894198775291443,0.1811230331659317,0.4325225353240967,0.5119448900222778,-0.1989111453294754,0.4965648055076599,0.5091416239738464,0.1245603114366531,0.4902651309967041,0.5180293917655945,-0.0565666854381561,0.5019596815109253,0.5150277018547058,0.1115166097879409,0.5057684183120728,0.5219436883926392,-0.0546457879245281,0.5073093175888062,0.5030086636543274,0.0915682762861251,0.50892174243927,0.5062863230705261,-0.053472626954317,0.5033687353134155,0.5004461407661438,0.111671470105648,0.5021676421165466,0.5037127137184143,-0.0522470101714134,0.4518634378910064,0.5967505574226379,0.1115757822990417,0.447952926158905,0.604602575302124,-0.1110259741544723,0.4359277784824371,0.7168163657188416,0.2905693352222442,0.4890409409999847,0.7288370728492737,-0.0723118931055069,0.3893419802188873,0.8258113861083984,0.4821836948394775,0.487217366695404,0.8709679245948792,0.0470012165606021,0.369324266910553,0.8473761677742004,0.499872624874115,0.4706990122795105,0.8952296376228333,0.0579411499202251,0.4248793125152588,0.8598778247833252,0.4992819726467132,0.5373095870018005,0.913565993309021,0.0223552919924259
627,0.5082688927650452,0.3332700431346893,-0.1398503631353378,0.5045111775398254,0.3155264556407928,-0.129628524184227,0.5037728548049927,0.314870536327362,-0.1294774115085601,0.5031346082687378,0.3141428828239441,-0.1294595748186111,0.5039680600166321,0.3155421018600464,-0.1577015519142151,0.5021661520004272,0.3145594000816345,-0.1576201021671295,0.5003838539123535,0.3137715756893158,-0.1577132195234298,0.4924034178256988,0.3161263167858124,-0.051502339541912,0.4867343008518219,0.3156937062740326,-0.1802848130464553,0.5016680955886841,0.3461989760398865,-0.1078998818993568,0.4999237656593323,0.3459655940532684,-0.1441404670476913,0.4829183518886566,0.3886950612068176,0.080447569489479,0.4547463953495025,0.3945342898368835,-0.2320343554019928,0.4824772775173187,0.4933816790580749,0.0977778583765029,0.4455768167972564,0.5163276791572571,-0.1975384056568145,0.5031331777572632,0.5096708536148071,-0.0893366932868957,0.5036991834640503,0.5091760158538818,-0.0189019218087196,0.5033715963363647,0.5164424777030945,-0.1260465085506439,0.5204187631607056,0.5120973587036133,-0.0185106359422206,0.5133715271949768,0.5048535466194153,-0.1431555449962616,0.521350085735321,0.4955205619335174,-0.0234575234353542,0.5128432512283325,0.5013740658760071,-0.1050326079130172,0.5141999125480652,0.4920335412025451,-0.013190503232181,0.4674815535545349,0.5990593433380127,0.1015874370932579,0.4591966271400451,0.6070175766944885,-0.1010593175888061,0.4459137320518493,0.7120880484580994,0.2858545780181885,0.4931252598762512,0.7256149649620056,-0.0632477328181266,0.3961195945739746,0.813738226890564,0.4811104238033294,0.490281343460083,0.8633841276168823,0.0887758880853653,0.3757751584053039,0.8306219577789307,0.4991208016872406,0.4752287864685058,0.8840017914772034,0.0975343808531761,0.4260628223419189,0.8526080250740051,0.4855272769927978,0.5387204885482788,0.91170734167099,0.0599677674472332
628,0.5189520120620728,0.3218462765216827,-0.2452231645584106,0.5161299705505371,0.3064890205860138,-0.2247762680053711,0.5190516710281372,0.3061509728431701,-0.2247330397367477,0.5216844081878662,0.3057243525981903,-0.2247827351093292,0.5081841349601746,0.306121677160263,-0.2465225160121917,0.5081743001937866,0.305365651845932,-0.2464797794818878,0.5065943002700806,0.3047926127910614,-0.2466040402650833,0.5155032277107239,0.3083227276802063,-0.0961891636252403,0.4928546547889709,0.3073175549507141,-0.1912279427051544,0.5199154615402222,0.3347078859806061,-0.1955576092004776,0.5096060037612915,0.3340924978256225,-0.2234361469745636,0.5230916142463684,0.3819799721240997,0.0457715392112731,0.4571658968925476,0.3855447173118591,-0.2109652757644653,0.5328339338302612,0.4847288131713867,0.0254817511886358,0.4627451002597809,0.5068092942237854,-0.1971677988767624,0.5111426115036011,0.4917216598987579,-0.202888011932373,0.5286675691604614,0.4977113008499145,-0.1029743552207946,0.5034871697425842,0.5018894672393799,-0.2502778172492981,0.5478931665420532,0.5006066560745239,-0.1128910183906555,0.5060451030731201,0.4872376620769501,-0.2576169967651367,0.546491265296936,0.4850620925426483,-0.116445854306221,0.5075839161872864,0.4834060966968536,-0.2127382755279541,0.5391292572021484,0.482190191745758,-0.0980285108089447,0.5080795288085938,0.5864874720573425,0.0960924476385116,0.4739723801612854,0.594003438949585,-0.0960234478116035,0.4840675890445709,0.7122429013252258,0.206103891134262,0.4936239719390869,0.7394028306007385,-0.0636828690767288,0.4248649477958679,0.81340491771698,0.3857987523078918,0.4946944117546081,0.865446925163269,0.0914419144392013,0.4079190790653229,0.8287074565887451,0.400576114654541,0.4786752760410309,0.8833348751068115,0.1011538058519363,0.4441030621528625,0.8569763898849487,0.3487334847450256,0.5353297591209412,0.9178885221481324,0.0314523801207542
629,0.5324944257736206,0.3140245079994201,-0.269444078207016,0.5341262817382812,0.2987147867679596,-0.244803786277771,0.5378006100654602,0.2986798286437988,-0.2446904182434082,0.5414666533470154,0.2985593378543854,-0.2446905076503753,0.5225759744644165,0.2980456948280334,-0.2631170153617859,0.5184221863746643,0.2974482774734497,-0.2630071640014648,0.5140199065208435,0.2969907820224762,-0.2630974054336548,0.5378115773200989,0.3034088015556335,-0.0925058275461196,0.5015531182289124,0.3016975522041321,-0.1815070360898971,0.5353610515594482,0.3283406794071197,-0.2102822512388229,0.521270215511322,0.3275311291217804,-0.2339505851268768,0.5374751687049866,0.3808557391166687,0.0660144016146659,0.4688071608543396,0.3794027268886566,-0.1873770058155059,0.5392674803733826,0.4779762029647827,0.051808726042509,0.4660468995571136,0.4893551766872406,-0.2486579120159149,0.5493529438972473,0.4924927353858948,-0.2366077154874801,0.5356847047805786,0.4912895858287811,-0.3773560225963592,0.5531577467918396,0.5032628774642944,-0.2936121225357055,0.5567043423652649,0.498962789773941,-0.4248633980751037,0.5524975657463074,0.4892643392086029,-0.3231286406517029,0.5596197247505188,0.4814356863498688,-0.4279706478118896,0.5476387739181519,0.4844401478767395,-0.2580817937850952,0.552311897277832,0.4779777824878692,-0.376894861459732,0.5221482515335083,0.5860603451728821,0.0902016907930374,0.4855163693428039,0.5905492901802063,-0.0899399071931839,0.5248075723648071,0.7199580669403076,0.15596903860569,0.5025880336761475,0.7395638823509216,-0.1204442828893661,0.4578506052494049,0.7998291850090027,0.3938731551170349,0.4956634640693664,0.8707491755485535,0.0337427295744419,0.4407460689544678,0.8086563944816589,0.4137203693389892,0.4819971024990082,0.8905695676803589,0.0416377298533916,0.4702658057212829,0.8412076830863953,0.3498757481575012,0.5321890115737915,0.9208871126174928,-0.0916356220841407
630,0.5519663095474243,0.300785481929779,-0.3094599843025207,0.5542935729026794,0.2865561544895172,-0.2848147749900818,0.5578157901763916,0.2866286039352417,-0.2847437262535095,0.5614033937454224,0.2866191864013672,-0.2847501933574676,0.5427538156509399,0.285865843296051,-0.3012185096740722,0.5380749702453613,0.2853803336620331,-0.3010994493961334,0.533331036567688,0.2850202322006225,-0.3011292815208435,0.5586205124855042,0.2921581566333771,-0.1331587582826614,0.5219272375106812,0.2905590832233429,-0.205418199300766,0.555199921131134,0.3162172734737396,-0.2515829503536224,0.5411502122879028,0.3156272172927856,-0.2729275524616241,0.5648142099380493,0.3723939955234527,0.0158803910017013,0.4860876202583313,0.3751582205295563,-0.1991656720638275,0.571248471736908,0.4619775116443634,-0.0058336006477475,0.4856460690498352,0.4861410558223724,-0.2705753445625305,0.584660530090332,0.4856117665767669,-0.3252024352550506,0.5505531430244446,0.4932747781276703,-0.4260762333869934,0.5919610261917114,0.5000131130218506,-0.3901602327823639,0.5700386166572571,0.5023049712181091,-0.4829522967338562,0.5879338979721069,0.4871021211147308,-0.4194118976593017,0.573078989982605,0.4835446178913116,-0.4873278141021728,0.5819348096847534,0.4817891120910644,-0.3461098372936249,0.5666359663009644,0.4804271161556244,-0.4272027611732483,0.5486313104629517,0.5822809934616089,0.0814097821712493,0.500621497631073,0.5874021649360657,-0.0811566933989524,0.586381196975708,0.7190985083580017,0.0766063183546066,0.5096088647842407,0.7392120957374573,-0.1191775202751159,0.543035626411438,0.8118182420730591,0.3210734724998474,0.49440398812294,0.8700991272926331,0.0362361744046211,0.5235361456871033,0.8288502097129822,0.3393183052539825,0.4798396527767181,0.8922675251960754,0.0427508577704429,0.5793797373771667,0.8415948152542114,0.2668418288230896,0.5333195924758911,0.9205401539802552,-0.0912492126226425
631,0.5636011362075806,0.3011943995952606,-0.3557009696960449,0.5661911964416504,0.2867295444011688,-0.3318545222282409,0.5698629021644592,0.2865884900093078,-0.3317842781543731,0.5736008286476135,0.2863765954971313,-0.3317184746265411,0.5541030168533325,0.286426842212677,-0.3456191718578338,0.5492591857910156,0.2860449254512787,-0.3455447852611542,0.5443692207336426,0.2857779264450073,-0.3456211388111114,0.5717315077781677,0.2913045883178711,-0.1757406145334243,0.5334097146987915,0.2907637059688568,-0.2382786720991134,0.567884087562561,0.315559446811676,-0.2956876158714294,0.5528533458709717,0.3154314756393432,-0.3144166469573974,0.5852715969085693,0.3712857067584991,-0.0371285006403923,0.4968538284301758,0.3753877282142639,-0.2081599682569503,0.5924658179283142,0.4627223908901214,-0.0689882412552833,0.4999391436576843,0.486318439245224,-0.263430655002594,0.5789929032325745,0.4913826584815979,-0.368008941411972,0.5646713972091675,0.5041940808296204,-0.3871368169784546,0.5779154300689697,0.5085421800613403,-0.4407358765602112,0.5831831693649292,0.5147877335548401,-0.446585476398468,0.5713318586349487,0.4955954551696777,-0.4610314965248108,0.5870833396911621,0.4963943362236023,-0.4513650834560394,0.5695205330848694,0.4887362122535705,-0.3861433863639831,0.580579400062561,0.4923598170280456,-0.3890443444252014,0.5707937479019165,0.5806764364242554,0.0676211640238761,0.5146845579147339,0.5858675837516785,-0.067388154566288,0.6134057641029358,0.7147956490516663,0.1142624765634536,0.5161654949188232,0.7383920550346375,-0.1076428666710853,0.6022881865501404,0.8234043717384338,0.3635759949684143,0.4949216842651367,0.8645141124725342,0.1089103817939758,0.5875920653343201,0.8450039625167847,0.3809442520141601,0.4822901785373688,0.8851608037948608,0.1199303045868873,0.6432992815971375,0.8612300753593445,0.2847205400466919,0.5251215100288391,0.9161773324012756,-0.0317252501845359
632,0.5825561285018921,0.3048022389411926,-0.3454538285732269,0.5866934061050415,0.291622906923294,-0.3204034268856048,0.590825617313385,0.291534811258316,-0.3203989565372467,0.5950002670288086,0.2913380861282348,-0.3204064071178436,0.5729223489761353,0.2918083369731903,-0.3285573422908783,0.5677666068077087,0.2917594909667969,-0.3283892571926117,0.5624579787254333,0.2917767167091369,-0.328314334154129,0.5962275266647339,0.298248291015625,-0.168272003531456,0.553764283657074,0.2988837659358978,-0.2139007598161697,0.5891324877738953,0.3203048706054687,-0.288611888885498,0.5724958181381226,0.32054203748703,-0.2994799017906189,0.619498074054718,0.385032057762146,-0.0429687425494194,0.5184201002120972,0.3869161009788513,-0.1400449126958847,0.6360076665878296,0.4780401587486267,-0.0787872076034545,0.5076951384544373,0.492721289396286,-0.2598652243614197,0.6221309900283813,0.5088626742362976,-0.3969760537147522,0.5573174357414246,0.5124667882919312,-0.4766979813575744,0.6185435652732849,0.526170551776886,-0.4746635556221008,0.5753124356269836,0.5255131125450134,-0.5549851655960083,0.6104101538658142,0.5123072266578674,-0.4967006742954254,0.5790748000144958,0.5073018670082092,-0.5651023983955383,0.6101150512695312,0.5054457783699036,-0.4146071076393127,0.5718225240707397,0.5014340281486511,-0.4868454039096832,0.6039181351661682,0.5826597213745117,0.0428097620606422,0.5417682528495789,0.5882527828216553,-0.0424510426819324,0.646164059638977,0.7292553186416626,0.0344967693090438,0.5293549299240112,0.7432729601860046,-0.0759547501802444,0.6784783601760864,0.8499404191970825,0.2505575120449066,0.4943750500679016,0.8609267473220825,0.2001870423555374,0.6750110387802124,0.8682870864868164,0.2626209259033203,0.4835120141506195,0.8738405108451843,0.2176867723464965,0.6992098689079285,0.8958605527877808,0.1107640489935875,0.5134354829788208,0.9185116291046144,0.0481259189546108
633,0.597207248210907,0.3062430322170257,-0.2862324118614197,0.6017654538154602,0.2945505976676941,-0.2615222334861755,0.6058210730552673,0.2945071458816528,-0.2615128755569458,0.6099237203598022,0.2943537533283233,-0.2615281343460083,0.5881248712539673,0.2951739430427551,-0.2666242718696594,0.5832379460334778,0.2954517304897308,-0.2664526700973511,0.5781843066215515,0.2957978546619415,-0.2664341926574707,0.6125266551971436,0.3033445179462433,-0.1153043359518051,0.5707696676254272,0.305217295885086,-0.1344415843486786,0.6046062707901001,0.3225350975990295,-0.2319068908691406,0.5880771279335022,0.323268711566925,-0.2394771128892898,0.6389725208282471,0.3936896026134491,5.921386764384806e-05,0.5389962196350098,0.3933114111423492,-0.0517858788371086,0.6582996249198914,0.4805767238140106,-0.036619633436203,0.5181460380554199,0.4872871339321136,-0.126271978020668,0.6445616483688354,0.5097295641899109,-0.3509394824504852,0.5594651699066162,0.5173505544662476,-0.3777141273021698,0.6407853960990906,0.5271196961402893,-0.4276005625724792,0.574121356010437,0.5336533784866333,-0.4527966976165771,0.6327739953994751,0.513828694820404,-0.4507151544094085,0.5793508291244507,0.5171035528182983,-0.4645756185054779,0.633107602596283,0.50727778673172,-0.368824690580368,0.5734915137290955,0.5102644562721252,-0.3885893225669861,0.6255764961242676,0.5868697762489319,0.02839782461524,0.5616782307624817,0.589898407459259,-0.028006587177515,0.6614934206008911,0.7329530715942383,0.0264402274042367,0.5388847589492798,0.7415040731430054,-0.0776737779378891,0.6935039758682251,0.8553141951560974,0.2364244908094406,0.4988805651664734,0.8636955618858337,0.172036737203598,0.6915395855903625,0.8723741769790649,0.2474473267793655,0.4896324574947357,0.8754332065582275,0.1875340938568115,0.7061281204223633,0.9012259840965272,0.0842505916953086,0.5104050040245056,0.921387255191803,0.0206042323261499
634,0.6194814443588257,0.3159566223621368,-0.231900930404663,0.6254833340644836,0.3023557960987091,-0.2107589691877365,0.6298955678939819,0.3018499314785003,-0.2107086479663849,0.6343808770179749,0.3012304902076721,-0.2107096910476684,0.6120710968971252,0.3039716184139251,-0.2065666019916534,0.60768723487854,0.3045029938220978,-0.2064462006092071,0.6032270193099976,0.3051196932792663,-0.2064533680677414,0.6414599418640137,0.3087716102600097,-0.0701492577791214,0.599568247795105,0.313492089509964,-0.0579671338200569,0.6296912431716919,0.3306289613246918,-0.1804793775081634,0.6131998896598816,0.3325980007648468,-0.1760292500257492,0.676128625869751,0.3964585959911346,0.0162325520068407,0.5781905651092529,0.3996007740497589,0.0291927698999643,0.7049922347068787,0.4860175251960754,-0.0042628888040781,0.5615191459655762,0.4935729205608368,-0.067190371453762,0.681473433971405,0.5053958296775818,-0.2948878407478332,0.5803130865097046,0.5152620077133179,-0.3753907084465027,0.6751582622528076,0.5190770030021667,-0.3687073588371277,0.5935903787612915,0.5289203524589539,-0.4530609548091888,0.6661272048950195,0.5048407316207886,-0.3821210265159607,0.5977962613105774,0.5132758021354675,-0.4646281599998474,0.666776180267334,0.4998988807201385,-0.3079772591590881,0.5928669571876526,0.5077880620956421,-0.3881190419197082,0.6636589169502258,0.5890434980392456,0.0182082541286945,0.6024221181869507,0.5883403420448303,-0.017776433378458,0.6837071180343628,0.7404053807258606,0.0262460652738809,0.5389703512191772,0.7340186238288879,-0.1120748370885849,0.6964373588562012,0.8672454953193665,0.2473385781049728,0.5084062814712524,0.8577771782875061,0.1406065970659256,0.6916868686676025,0.8823916912078857,0.2610057890415191,0.4961597919464111,0.8663293719291687,0.1569244563579559,0.7058714032173157,0.9173223376274108,0.1068295612931251,0.5198850035667419,0.9209243655204772,0.0002037025551544
635,0.6329325437545776,0.3120269775390625,-0.2631843090057373,0.6385665535926819,0.2981005012989044,-0.242589920759201,0.6429433226585388,0.2972531318664551,-0.2425367832183838,0.6474100351333618,0.2963063418865204,-0.2425470799207687,0.6253963112831116,0.3005785942077636,-0.2404577285051345,0.6212033033370972,0.3014059960842132,-0.2402935773134231,0.6169504523277283,0.3023329973220825,-0.2403122633695602,0.6560698747634888,0.3030370473861694,-0.0886908620595932,0.6139670610427856,0.3107149004936218,-0.0897919312119484,0.6441003084182739,0.3259867131710052,-0.2091295719146728,0.6281329989433289,0.3290063142776489,-0.2074362784624099,0.6967730522155762,0.3890550434589386,-0.0046618739143013,0.5936688184738159,0.3941916823387146,0.0115866539999842,0.7230778336524963,0.4793213903903961,-0.0507943220436573,0.5798125267028809,0.4867177307605743,-0.0673447996377945,0.695074200630188,0.4996635615825653,-0.3360741436481476,0.5957633256912231,0.5094279646873474,-0.371964156627655,0.687650203704834,0.5144897699356079,-0.4061682224273681,0.6083383560180664,0.5239523649215698,-0.4483213424682617,0.678737998008728,0.4997049868106842,-0.4204589426517486,0.6139302253723145,0.508780300617218,-0.46000537276268,0.6799413561820984,0.4946450889110565,-0.347707599401474,0.6109892129898071,0.5032104253768921,-0.3844476640224457,0.680120050907135,0.5858392715454102,0.0018477697158232,0.6154643297195435,0.5841132998466492,-0.0015308459987863,0.6933631896972656,0.7382652163505554,-0.0145654203370213,0.5500279664993286,0.7294107675552368,-0.102166511118412,0.6961040496826172,0.8718355894088745,0.1958316415548324,0.5266302824020386,0.8591781854629517,0.1406204998493194,0.6893727779388428,0.8874931335449219,0.2072988003492355,0.5187608003616333,0.8703315258026123,0.1551285088062286,0.706344723701477,0.9255409240722656,0.0433523878455162,0.5317053198814392,0.9218226075172424,-0.011660860851407
636,0.6526819467544556,0.305611252784729,-0.2455604523420334,0.6576796770095825,0.2934789955615997,-0.2258768826723098,0.6617295145988464,0.292397141456604,-0.2258351147174835,0.665880560874939,0.2912229895591736,-0.2258086502552032,0.6455113291740417,0.2968063056468963,-0.2204181253910064,0.6417616605758667,0.2980188727378845,-0.2202497273683548,0.637975811958313,0.2993322610855102,-0.2202696055173874,0.6761234998703003,0.2978158891201019,-0.0933047011494636,0.6367411017417908,0.3082002699375152,-0.0663764253258705,0.6644974946975708,0.3183722794055938,-0.1969340741634369,0.6497904062271118,0.3224157392978668,-0.1888557821512222,0.7206418514251709,0.3800357282161712,-0.0026336195878684,0.6196571588516235,0.3863772451877594,0.0389475002884864,0.7477879524230957,0.4650000035762787,-0.075118288397789,0.6041619777679443,0.4718700051307678,-0.0381848067045211,0.7145322561264038,0.4867063164710998,-0.3451760411262512,0.6121366024017334,0.4958442151546478,-0.3449607789516449,0.7053155303001404,0.5040520429611206,-0.4092503488063812,0.6146453619003296,0.5115565061569214,-0.4180130064487457,0.6961172819137573,0.4890279173851013,-0.4390244483947754,0.6150263547897339,0.4974012970924377,-0.4334243834018707,0.6986323595046997,0.4834237992763519,-0.3618324398994446,0.6234014630317688,0.4913129508495331,-0.3584216237068176,0.6960937976837158,0.5693292021751404,-0.0153072196990251,0.6342848539352417,0.5654354095458984,0.0154940579086542,0.6987224817276001,0.7279378175735474,-0.0587852485477924,0.6021175384521484,0.7131826877593994,-0.0333837196230888,0.6999151706695557,0.8657768368721008,0.1281419396400451,0.5826219916343689,0.8451982736587524,0.1848655045032501,0.6951286196708679,0.8827491402626038,0.136525347828865,0.5891467332839966,0.8631554841995239,0.1957311183214187,0.7055068612098694,0.9184723496437072,-0.0228944607079029,0.5590265989303589,0.8994842767715454,0.0394868664443492
637,0.6618924736976624,0.3056175112724304,-0.2756869196891784,0.6669780015945435,0.2931797802448272,-0.2581349015235901,0.6710137724876404,0.2921042740345001,-0.2581512629985809,0.6751500368118286,0.2909557521343231,-0.2581352591514587,0.6550586223602295,0.296299397945404,-0.2518389821052551,0.6513441801071167,0.2973513305187225,-0.251643568277359,0.6475988626480103,0.2984903454780578,-0.2516405880451202,0.6853742599487305,0.2970599234104156,-0.1305798590183258,0.6466056704521179,0.3060463070869446,-0.0981212705373764,0.673389732837677,0.3182558715343475,-0.2279017865657806,0.6590976119041443,0.3219861388206482,-0.2183080166578292,0.7300764918327332,0.3787522912025451,-0.0070027550682425,0.6296582818031311,0.3844409883022308,0.0186269991099834,0.7568317651748657,0.4664642214775085,-0.0850968584418296,0.6144453287124634,0.4707947671413421,-0.0242708101868629,0.7174458503723145,0.487619549036026,-0.3356817960739136,0.627791166305542,0.4944329261779785,-0.3140278160572052,0.7048018574714661,0.5051544308662415,-0.394735187292099,0.6321518421173096,0.5104048848152161,-0.3833018243312835,0.6985312700271606,0.4895936250686645,-0.4138320088386535,0.6376482248306274,0.4961693882942199,-0.4014109075069427,0.701839804649353,0.483732670545578,-0.3462279140949249,0.6396710276603699,0.4894783794879913,-0.3280627429485321,0.7059847116470337,0.5698767900466919,-0.0213301703333854,0.6464830040931702,0.5659023523330688,0.0215016417205333,0.7056337594985962,0.7268835306167603,-0.0641343221068382,0.6213699579238892,0.7125634551048279,-0.0131425634026527,0.703336775302887,0.8636857271194458,0.1266470253467559,0.615291953086853,0.8403435945510864,0.2114649266004562,0.6989036798477173,0.8804587125778198,0.1365685313940048,0.6236397624015808,0.8579307794570923,0.2241992950439453,0.7083861827850342,0.9178783893585204,-0.0172245018184185,0.5900745391845703,0.895138680934906,0.0804264619946479
638,0.6697150468826294,0.3055742979049682,-0.2372114211320877,0.6757652759552002,0.2925358116626739,-0.2205301970243454,0.6799716949462891,0.2915838956832886,-0.2205171585083007,0.6842707991600037,0.2905532419681549,-0.2204790860414505,0.6638727784156799,0.2950562536716461,-0.2132728099822998,0.6601897478103638,0.2957904040813446,-0.2130871713161468,0.65648353099823,0.2966071963310241,-0.2131323516368866,0.6956925988197327,0.2958696484565735,-0.099707618355751,0.65650874376297,0.3031617999076843,-0.0622879266738891,0.6817721724510193,0.3175173699855804,-0.1918362826108932,0.6669623255729675,0.3203980624675751,-0.181090623140335,0.7375096678733826,0.3742726147174835,-0.0116964057087898,0.6383433938026428,0.3759054243564605,0.0329995788633823,0.759313702583313,0.4597827792167663,-0.094722181558609,0.6228766441345215,0.4632878601551056,-0.0574621371924877,0.732650876045227,0.4860045313835144,-0.3614932894706726,0.6290064454078674,0.4870768189430237,-0.362231433391571,0.7241765856742859,0.5039346218109131,-0.423687994480133,0.6317689418792725,0.5017768740653992,-0.4299862384796142,0.7162178754806519,0.4892239570617676,-0.4390148520469665,0.638939380645752,0.4882319569587707,-0.4470258355140686,0.7175208330154419,0.4833296835422516,-0.3712747395038605,0.6415709853172302,0.4827691912651062,-0.3761577606201172,0.7064453363418579,0.5673502087593079,-0.0180428232997655,0.6491702795028687,0.5615261197090149,0.0183236300945281,0.7026417851448059,0.7198613882064819,-0.0651477053761482,0.641491174697876,0.7075814604759216,0.0112496959045529,0.7043145895004272,0.8524501919746399,0.1072055548429489,0.6425284147262573,0.8309639096260071,0.2225971966981887,0.7021807432174683,0.8686877489089966,0.1147422194480896,0.6523136496543884,0.8499438762664795,0.2338318526744842,0.7048767805099487,0.9069324731826782,-0.0341324023902416,0.6141238808631897,0.8823673129081726,0.0951369628310203
639,0.6671196222305298,0.3056927323341369,-0.3340176045894623,0.6745625734329224,0.2924389839172363,-0.322310596704483,0.6788976788520813,0.2917457520961761,-0.3223602473735809,0.6833258867263794,0.2909582555294037,-0.3223419189453125,0.6635020971298218,0.2942968010902405,-0.3097209334373474,0.6601066589355469,0.2947840690612793,-0.3095892071723938,0.6566780805587769,0.2953491806983948,-0.3096316158771515,0.6958221197128296,0.2965424656867981,-0.2193402051925659,0.659170925617218,0.3015807569026947,-0.1556656509637832,0.6792443990707397,0.3183309435844421,-0.294209748506546,0.6651637554168701,0.3202331960201263,-0.2762117981910705,0.7378093600273132,0.3762750327587127,-0.1256717443466186,0.6398976445198059,0.3745519816875458,-0.032125674188137,0.7592692375183105,0.4750778973102569,-0.171726107597351,0.6222926378250122,0.4681733548641205,-0.0743295475840568,0.7233470678329468,0.4924561083316803,-0.3897315263748169,0.6391853094100952,0.5083972215652466,-0.3472768068313598,0.7110837697982788,0.5058915615081787,-0.4433717727661133,0.6451468467712402,0.528827965259552,-0.4012006223201751,0.7071793079376221,0.4878149926662445,-0.4592525362968445,0.6509926319122314,0.5147255063056946,-0.4321934282779693,0.7099645137786865,0.4824983775615692,-0.3980316519737243,0.6518638134002686,0.5054564476013184,-0.3718014359474182,0.7087135314941406,0.5664416551589966,-0.023153243586421,0.6533589363098145,0.5600264668464661,0.0233837477862834,0.7052945494651794,0.7172708511352539,-0.0611231140792369,0.6441894173622131,0.7035439014434814,0.0409179776906967,0.7053586840629578,0.8526376485824585,0.0805226638913154,0.643549919128418,0.8315585255622864,0.2277611047029495,0.7026564478874207,0.8694613575935364,0.0853331238031387,0.6514073610305786,0.8517132997512817,0.2366490364074707,0.7062357068061829,0.904975175857544,-0.0637269243597984,0.6207147836685181,0.8803879022598267,0.1046519726514816
640,0.651740550994873,0.3061749041080475,-0.2086409777402877,0.6617966890335083,0.2939747869968414,-0.2511428594589233,0.6654081344604492,0.2937417030334472,-0.2515860199928283,0.669157862663269,0.2933975160121918,-0.251163899898529,0.6552882790565491,0.2946154773235321,-0.1810957640409469,0.6540802717208862,0.2946232855319977,-0.1810016632080078,0.6528016924858093,0.294750303030014,-0.1810909360647201,0.686843991279602,0.2986868321895599,-0.1350289583206176,0.664914071559906,0.2995021939277649,-0.0376308634877204,0.6636956930160522,0.3199125826358795,-0.2518574595451355,0.6555643081665039,0.3201386034488678,-0.1521603167057037,0.738399863243103,0.3796749711036682,-0.0763684809207916,0.6421303153038025,0.3727858662605285,0.0505409352481365,0.7577409148216248,0.4857506453990936,-0.1306969970464706,0.6220391988754272,0.4677616059780121,-0.0053342902101576,0.7173587083816528,0.5046774744987488,-0.3262006640434265,0.6191155314445496,0.4922676980495453,-0.3103854656219482,0.7041693925857544,0.5198377370834351,-0.3767817616462707,0.6203773021697998,0.5065009593963623,-0.3732409179210663,0.7000553607940674,0.5011914372444153,-0.3928912281990051,0.6257132291793823,0.4912638664245605,-0.392643928527832,0.7029339075088501,0.4953930974006653,-0.3335168361663818,0.629818856716156,0.4863345921039581,-0.3274444341659546,0.7076192498207092,0.5687938928604126,-0.0389566197991371,0.6523433923721313,0.5639979243278503,0.0391742885112762,0.706226646900177,0.7166481018066406,-0.1055795773863792,0.6454795598983765,0.7107902765274048,0.1094516515731811,0.7063122987747192,0.8543480634689331,-0.0023919402156025,0.645781397819519,0.8322946429252625,0.3208504319190979,0.7064677476882935,0.8732755780220032,0.0006298025837168,0.6550112962722778,0.8540405035018921,0.3348073363304138,0.6982690691947937,0.9062893390655518,-0.1207322850823402,0.6184227466583252,0.8768253922462463,0.2348597794771194
0,0.0,0.0,0.0,0.0,0.0,0.0,0.0,0.0,0.0,0.0,0.0,0.0,0.0,0.0,0.0,0.0,0.0,0.0,0.0,0.0,0.0,0.0,0.0,0.0,0.0,0.0,0.0,0.0,0.0,0.0,0.0,0.0,0.0,0.0,0.0,0.0,0.0,0.0,0.0,0.0,0.0,0.0,0.0,0.0,0.0,0.0,0.0,0.0,0.0,0.0,0.0,0.0,0.0,0.0,0.0,0.0,0.0,0.0,0.0,0.0,0.0,0.0,0.0,0.0,0.0,0.0,0.0,0.0,0.0,0.0,0.0,0.0,0.0,0.0,0.0,0.0,0.0,0.0,0.0,0.0,0.0,0.0,0.0,0.0,0.0,0.0,0.0,0.0,0.0,0.0,0.0,0.0,0.0,0.0,0.0,0.0,0.0,0.0,0.0
0,0.0,0.0,0.0,0.0,0.0,0.0,0.0,0.0,0.0,0.0,0.0,0.0,0.0,0.0,0.0,0.0,0.0,0.0,0.0,0.0,0.0,0.0,0.0,0.0,0.0,0.0,0.0,0.0,0.0,0.0,0.0,0.0,0.0,0.0,0.0,0.0,0.0,0.0,0.0,0.0,0.0,0.0,0.0,0.0,0.0,0.0,0.0,0.0,0.0,0.0,0.0,0.0,0.0,0.0,0.0,0.0,0.0,0.0,0.0,0.0,0.0,0.0,0.0,0.0,0.0,0.0,0.0,0.0,0.0,0.0,0.0,0.0,0.0,0.0,0.0,0.0,0.0,0.0,0.0,0.0,0.0,0.0,0.0,0.0,0.0,0.0,0.0,0.0,0.0,0.0,0.0,0.0,0.0,0.0,0.0,0.0,0.0,0.0,0.0
